10714
10032
8065
685
4024
9143
6741
17401
8924
6890
7654
3475
362
4164
15204
459
14384
2601
16670
9903
7366
6899
11378
16865
7409
12821
18736
17561
3550
5091
15057
10779
4781
1452
13785
15710
1072
11478
5840
9566
5016
5966
15712
5982
2773
3300
658
10034
8679
1913
9514
2550
5300
18844
1189
10580
11696
8781
15066
18444
4898
12657
17343
11197
19444
922
5297
318
15359
15017
17915
14340
12655
8081
10968
29
3248
5023
18612
12422
3843
17671
11134
1630
5690
10312
5038
4422
3416
4703
14302
13750
2748
19429
5117
15560
566
13308
19663
4902
364
18990
4811
2147
8605
15528
15021
3240
13379
18254
385
5486
11648
6536
6699
14505
8289
7211
6636
9576
16585
9948
8794
3896
879
11400
12755
15104
19348
18319
5124
2874
2500
8572
19885
18316
16880
12815
18646
16367
17399
3986
9041
13763
7476
9771
3266
12672
7252
9041
5450
5462
4928
13911
14563
2393
8000
7507
6856
15682
12794
17781
15068
581
12776
8210
18304
2882
2972
6179
8561
4516
2716
2189
280
19051
17128
9613
18757
6412
18006
10144
19442
5767
606
13071
11735
16453
5578
6233
15512
11376
14001
2320
14328
3784
15883
17500
12860
4967
14557
5544
13217
4021
6449
6387
1671
18895
17575
9518
7241
12389
5318
16250
1659
12317
4557
118
3520
17348
19788
1568
18519
11702
16610
1141
19739
3694
17564
13300
445
11137
12322
10266
14585
17350
16493
13278
12280
18478
18116
13209
14576
1625
3432
16316
19787
10123
18879
10938
18004
10452
11395
18978
6426
12328
2137
15617
357
15054
17586
2139
16425
18042
1588
15519
6866
18596
17766
12062
16752
13630
10478
651
13382
16446
6135
3386
11634
486
7587
10614
2864
6193
8272
16346
15237
7550
2834
17189
16579
6293
19262
9728
4868
5457
5301
4735
19074
19159
10061
8989
12034
3676
559
6328
19325
6692
11155
19733
6695
12364
17012
18608
19705
14133
19224
13282
15702
7807
437
16246
10500
15218
6354
7839
9647
2788
8919
11784
8818
8148
11893
15320
12118
5462
13715
3550
1566
11976
16278
18955
1416
607
8397
15072
18290
8342
16704
10123
2748
4493
1306
11461
4437
18488
3757
15585
12754
14513
12685
8488
1872
15496
12169
9839
5800
14585
6887
18280
12083
15625
17589
6716
780
17180
10045
9483
10849
7719
18775
16443
7226
625
1119
5012
17259
3084
1709
16758
6726
15234
15110
10055
13005
11108
3703
19766
19238
16604
7999
1583
5312
158
4226
9844
10083
81
18855
9202
2897
10609
19973
213
16924
17397
5472
7742
12100
5424
11698
16256
11048
846
5406
14302
6996
15128
12521
12277
3535
8342
12641
4121
19671
16536
14194
11320
8469
7288
12265
431
8299
5529
4975
11655
13249
16492
7480
2166
7423
10791
14949
13399
19970
14812
18675
17789
3006
16101
15128
18691
10295
17775
6196
2674
499
18186
10147
1304
16145
12100
16612
11592
633
13138
2393
2243
6665
2892
14883
7527
18787
9899
10319
7515
13905
18539
18382
2068
14227
17972
13254
16381
12153
4673
11692
12134
18475
14546