15885
5253
11531
18139
10514
5770
3838
2996
8107
13041
1565
4586
19109
17717
13628
16049
9921
18260
10204
5603
13267
18619
12088
17540
15821
4587
17677
17648
14460
13428
4136
8250
4912
16923
9487
14865
12869
8876
12013
3786
11148
12470
7826
1300
17194
626
18137
2723
14384
17946
16914
12058
2082
14192
19459
16813
7445
7982
4194
13675
14140
8779
8687
3048
1350
18552
10324
2544
12580
4304
3380
2592
7836
1661
10252
7800
1430
11706
9868
5582
15436
1388
4805
6941
18982
10129
915
17282
8001
16869
9281
13065
4965
6624
6974
7405
9821
14589
2620
16792
669
15204
7313
17981
4740
4169
17772
15054
9713
12468
5399
8964
15220
11434
18208
8505
8801
9755
3023
18435
10187
7248
4530
9884
8364
10882
13490
6906
6013
19923
801
5539
6974
7031
8606
1199
16829
296
9827
2559
5361
13741
16850
15285
15864
2154
17339
14538
3372
9218
2928
14604
11677
15676
6906
528
16159
1256
9296
10129
19789
18867
7632
18761
6842
1688
12050
1187
8051
10234
19140
8006
11770
11505
6612
10280
14730
893
6746
6540
12550
12494
15199
1135
10059
8865
14389
7454
4996
939
19479
17879
3699
19337
8573
7346
1968
2614
18762
19051
2121
9382
15729
7289
18930
17752
4823
12906
10120
8818
12194
12058
1842
18973
13083
3247
16669
11707
12454
491
13156
570
6297
2695
14559
2747
18434
18615
18943
10495
12191
14927
2781
8608
11250
17243
10625
15712
18331
8804
18405
8179
11652
11321
18059
11092
6949
3921
9650
14935
17778
1954
5731
15460
15327
18905
1894
13241
12140
575
103
941
13822
11114
1250
2560
12613
8921
9553
14704
14815
4575
19535
1518
256
16050
19454
14525
3274
9044
4019
6625
222
8049
11
13488
11405
17075
3246
19260
5824
5596
19266
14077
16166
7539
9358
10650
18898
13156
14618
2742
1712
19488
6651
9190
12895
5862
8424
4635
14022
8677
19758
2972
2581
15179
2888
10091
13895
18205
6354
1271
15198
1153
4850
3093
17220
1363
2188
16873
8134
9701
19116
11273
12469
702
261
787
13351
9040
11776
18767
9962
2896
17028
19097
16201
2045
3083
9428
16307
8096
17981
17757
10584
10381
15408
8707
18611
2087
14340
19099
10301
12816
11579
4170
6446
14547
1839
12978
10516
3610
7655
11810
10834
18232
959
11885
4661
15509
18346
17226
19686
13089
16278
15889
16818
7260
16738
14388
18490
5954
15735
17215
4535
16952
16531
10536
12690
15732
10609
14509
14111
722
11502
13832
13006
10975
7451
1588
10286
15870
8746
17569
13252
10743
11721
10455
16604
7773
2079
9822
11774
15389
2402
15297
9328
3241
15962
5262
2900
2140
14578
12080
11738
799
6270
10779
4973
5662
4432
2246
15476
3699
8120
1010
14776
15873
14449
15747
11724
10167
18542
17779
15952
11751
8338
8557
965
16171
16219
9164
12598
780
10503
13042
4957
14657
14666
10344
449
6206
13283
5089
19588
12995
95
8139
15975
15636
5988
6347
1008
5523
9621
2495
13982
19296
15246
14439
15297
19568
15670
16854
16869
2219
19657
14283
15471
15940